OLS Regression Results                            
==============================================================================
Dep. Variable:        ENTRIESn_hourly   R-squared:                       0.486
Model:                            OLS   Adj. R-squared:                  0.483
Method:                 Least Squares   F-statistic:                     161.5
Date:                Mon, 16 Feb 2015   Prob (F-statistic):               0.00
Time:                        23:14:50   Log-Likelihood:            -3.8711e+05
No. Observations:               42649   AIC:                         7.747e+05
Df Residuals:                   42400   BIC:                         7.769e+05
Df Model:                         248                                         
==============================================================================
                 coef    std err          t      P>|t|      [95.0% Conf. Int.]
------------------------------------------------------------------------------
const       4.034e+14   7.29e+14      0.553      0.580     -1.03e+15  1.83e+15
hour         850.5272     11.181     76.069      0.000       828.612   872.442
precipi      -96.8860     11.337     -8.546      0.000      -119.107   -74.665
rain         111.0760     27.442      4.048      0.000        57.289   164.863
unit_R003  -9.607e+12   1.74e+13     -0.553      0.580     -4.36e+13  2.44e+13
unit_R004  -9.607e+12   1.74e+13     -0.553      0.580     -4.36e+13  2.44e+13
unit_R005  -9.607e+12   1.74e+13     -0.553      0.580     -4.36e+13  2.44e+13
unit_R006  -9.607e+12   1.74e+13     -0.553      0.580     -4.36e+13  2.44e+13
unit_R007  -9.607e+12   1.74e+13     -0.553      0.580     -4.36e+13  2.44e+13
unit_R008  -9.607e+12   1.74e+13     -0.553      0.580     -4.36e+13  2.44e+13
unit_R009  -9.607e+12   1.74e+13     -0.553      0.580     -4.36e+13  2.44e+13
unit_R011  -9.607e+12   1.74e+13     -0.553      0.580     -4.36e+13  2.44e+13
unit_R012  -9.607e+12   1.74e+13     -0.553      0.580     -4.36e+13  2.44e+13
unit_R013  -9.607e+12   1.74e+13     -0.553      0.580     -4.36e+13  2.44e+13
unit_R016  -9.607e+12   1.74e+13     -0.553      0.580     -4.36e+13  2.44e+13
unit_R017  -9.607e+12   1.74e+13     -0.553      0.580     -4.36e+13  2.44e+13
unit_R018  -9.607e+12   1.74e+13     -0.553      0.580     -4.36e+13  2.44e+13
unit_R019  -9.607e+12   1.74e+13     -0.553      0.580     -4.36e+13  2.44e+13
unit_R020  -9.607e+12   1.74e+13     -0.553      0.580     -4.36e+13  2.44e+13
unit_R021  -9.607e+12   1.74e+13     -0.553      0.580     -4.36e+13  2.44e+13
unit_R022  -9.607e+12   1.74e+13     -0.553      0.580     -4.36e+13  2.44e+13
unit_R023  -9.607e+12   1.74e+13     -0.553      0.580     -4.36e+13  2.44e+13
unit_R024  -9.607e+12   1.74e+13     -0.553      0.580     -4.36e+13  2.44e+13
unit_R025  -9.607e+12   1.74e+13     -0.553      0.580     -4.36e+13  2.44e+13
unit_R027  -9.607e+12   1.74e+13     -0.553      0.580     -4.36e+13  2.44e+13
unit_R029  -9.607e+12   1.74e+13     -0.553      0.580     -4.36e+13  2.44e+13
unit_R030  -9.607e+12   1.74e+13     -0.553      0.580     -4.36e+13  2.44e+13
unit_R031  -9.607e+12   1.74e+13     -0.553      0.580     -4.36e+13  2.44e+13
unit_R032  -9.607e+12   1.74e+13     -0.553      0.580     -4.36e+13  2.44e+13
unit_R033  -9.607e+12   1.74e+13     -0.553      0.580     -4.36e+13  2.44e+13
unit_R034  -9.607e+12   1.74e+13     -0.553      0.580     -4.36e+13  2.44e+13
unit_R035  -9.607e+12   1.74e+13     -0.553      0.580     -4.36e+13  2.44e+13
unit_R036  -9.607e+12   1.74e+13     -0.553      0.580     -4.36e+13  2.44e+13
unit_R037  -9.607e+12   1.74e+13     -0.553      0.580     -4.36e+13  2.44e+13
unit_R038  -9.607e+12   1.74e+13     -0.553      0.580     -4.36e+13  2.44e+13
unit_R039  -9.607e+12   1.74e+13     -0.553      0.580     -4.36e+13  2.44e+13
unit_R040  -9.607e+12   1.74e+13     -0.553      0.580     -4.36e+13  2.44e+13
unit_R041  -9.607e+12   1.74e+13     -0.553      0.580     -4.36e+13  2.44e+13
unit_R042  -9.607e+12   1.74e+13     -0.553      0.580     -4.36e+13  2.44e+13
unit_R043  -9.607e+12   1.74e+13     -0.553      0.580     -4.36e+13  2.44e+13
unit_R044  -9.607e+12   1.74e+13     -0.553      0.580     -4.36e+13  2.44e+13
unit_R046  -9.607e+12   1.74e+13     -0.553      0.580     -4.36e+13  2.44e+13
unit_R049  -9.607e+12   1.74e+13     -0.553      0.580     -4.36e+13  2.44e+13
unit_R050  -9.607e+12   1.74e+13     -0.553      0.580     -4.36e+13  2.44e+13
unit_R051  -9.607e+12   1.74e+13     -0.553      0.580     -4.36e+13  2.44e+13
unit_R052  -9.607e+12   1.74e+13     -0.553      0.580     -4.36e+13  2.44e+13
unit_R053  -9.607e+12   1.74e+13     -0.553      0.580     -4.36e+13  2.44e+13
unit_R054  -9.607e+12   1.74e+13     -0.553      0.580     -4.36e+13  2.44e+13
unit_R055  -9.607e+12   1.74e+13     -0.553      0.580     -4.36e+13  2.44e+13
unit_R056  -9.607e+12   1.74e+13     -0.553      0.580     -4.36e+13  2.44e+13
unit_R057  -9.607e+12   1.74e+13     -0.553      0.580     -4.36e+13  2.44e+13
unit_R058  -9.607e+12   1.74e+13     -0.553      0.580     -4.36e+13  2.44e+13
unit_R059  -9.607e+12   1.74e+13     -0.553      0.580     -4.36e+13  2.44e+13
unit_R060  -9.607e+12   1.74e+13     -0.553      0.580     -4.36e+13  2.44e+13
unit_R061  -9.607e+12   1.74e+13     -0.553      0.580     -4.36e+13  2.44e+13
unit_R062  -9.607e+12   1.74e+13     -0.553      0.580     -4.36e+13  2.44e+13
unit_R063  -9.607e+12   1.74e+13     -0.553      0.580     -4.36e+13  2.44e+13
unit_R064  -9.607e+12   1.74e+13     -0.553      0.580     -4.36e+13  2.44e+13
unit_R065  -9.607e+12   1.74e+13     -0.553      0.580     -4.36e+13  2.44e+13
unit_R066  -9.607e+12   1.74e+13     -0.553      0.580     -4.36e+13  2.44e+13
unit_R067  -9.607e+12   1.74e+13     -0.553      0.580     -4.36e+13  2.44e+13
unit_R068  -9.607e+12   1.74e+13     -0.553      0.580     -4.36e+13  2.44e+13
unit_R069  -9.607e+12   1.74e+13     -0.553      0.580     -4.36e+13  2.44e+13
unit_R070  -9.607e+12   1.74e+13     -0.553      0.580     -4.36e+13  2.44e+13
unit_R080  -9.607e+12   1.74e+13     -0.553      0.580     -4.36e+13  2.44e+13
unit_R081  -9.607e+12   1.74e+13     -0.553      0.580     -4.36e+13  2.44e+13
unit_R082  -9.607e+12   1.74e+13     -0.553      0.580     -4.36e+13  2.44e+13
unit_R083  -9.607e+12   1.74e+13     -0.553      0.580     -4.36e+13  2.44e+13
unit_R084  -9.607e+12   1.74e+13     -0.553      0.580     -4.36e+13  2.44e+13
unit_R085  -9.607e+12   1.74e+13     -0.553      0.580     -4.36e+13  2.44e+13
unit_R086  -9.607e+12   1.74e+13     -0.553      0.580     -4.36e+13  2.44e+13
unit_R087  -9.607e+12   1.74e+13     -0.553      0.580     -4.36e+13  2.44e+13
unit_R089  -9.607e+12   1.74e+13     -0.553      0.580     -4.36e+13  2.44e+13
unit_R090  -9.607e+12   1.74e+13     -0.553      0.580     -4.36e+13  2.44e+13
unit_R091  -9.607e+12   1.74e+13     -0.553      0.580     -4.36e+13  2.44e+13
unit_R092  -9.607e+12   1.74e+13     -0.553      0.580     -4.36e+13  2.44e+13
unit_R093  -9.607e+12   1.74e+13     -0.553      0.580     -4.36e+13  2.44e+13
unit_R094  -9.607e+12   1.74e+13     -0.553      0.580     -4.36e+13  2.44e+13
unit_R095  -9.607e+12   1.74e+13     -0.553      0.580     -4.36e+13  2.44e+13
unit_R096  -9.607e+12   1.74e+13     -0.553      0.580     -4.36e+13  2.44e+13
unit_R097  -9.607e+12   1.74e+13     -0.553      0.580     -4.36e+13  2.44e+13
unit_R098  -9.607e+12   1.74e+13     -0.553      0.580     -4.36e+13  2.44e+13
unit_R099  -9.607e+12   1.74e+13     -0.553      0.580     -4.36e+13  2.44e+13
unit_R100  -9.607e+12   1.74e+13     -0.553      0.580     -4.36e+13  2.44e+13
unit_R101  -9.607e+12   1.74e+13     -0.553      0.580     -4.36e+13  2.44e+13
unit_R102  -9.607e+12   1.74e+13     -0.553      0.580     -4.36e+13  2.44e+13
unit_R103  -9.607e+12   1.74e+13     -0.553      0.580     -4.36e+13  2.44e+13
unit_R104  -9.607e+12   1.74e+13     -0.553      0.580     -4.36e+13  2.44e+13
unit_R105  -9.607e+12   1.74e+13     -0.553      0.580     -4.36e+13  2.44e+13
unit_R106  -9.607e+12   1.74e+13     -0.553      0.580     -4.36e+13  2.44e+13
unit_R107  -9.607e+12   1.74e+13     -0.553      0.580     -4.36e+13  2.44e+13
unit_R108  -9.607e+12   1.74e+13     -0.553      0.580     -4.36e+13  2.44e+13
unit_R111  -9.607e+12   1.74e+13     -0.553      0.580     -4.36e+13  2.44e+13
unit_R112  -9.607e+12   1.74e+13     -0.553      0.580     -4.36e+13  2.44e+13
unit_R114  -9.607e+12   1.74e+13     -0.553      0.580     -4.36e+13  2.44e+13
unit_R115  -9.607e+12   1.74e+13     -0.553      0.580     -4.36e+13  2.44e+13
unit_R116  -9.607e+12   1.74e+13     -0.553      0.580     -4.36e+13  2.44e+13
unit_R117  -9.607e+12   1.74e+13     -0.553      0.580     -4.36e+13  2.44e+13
unit_R119  -9.607e+12   1.74e+13     -0.553      0.580     -4.36e+13  2.44e+13
unit_R120  -9.607e+12   1.74e+13     -0.553      0.580     -4.36e+13  2.44e+13
unit_R121  -9.607e+12   1.74e+13     -0.553      0.580     -4.36e+13  2.44e+13
unit_R122  -9.607e+12   1.74e+13     -0.553      0.580     -4.36e+13  2.44e+13
unit_R123  -9.607e+12   1.74e+13     -0.553      0.580     -4.36e+13  2.44e+13
unit_R124  -9.607e+12   1.74e+13     -0.553      0.580     -4.36e+13  2.44e+13
unit_R126  -9.607e+12   1.74e+13     -0.553      0.580     -4.36e+13  2.44e+13
unit_R127  -9.607e+12   1.74e+13     -0.553      0.580     -4.36e+13  2.44e+13
unit_R137  -9.607e+12   1.74e+13     -0.553      0.580     -4.36e+13  2.44e+13
unit_R139  -9.607e+12   1.74e+13     -0.553      0.580     -4.36e+13  2.44e+13
unit_R163  -9.607e+12   1.74e+13     -0.553      0.580     -4.36e+13  2.44e+13
unit_R172  -9.607e+12   1.74e+13     -0.553      0.580     -4.36e+13  2.44e+13
unit_R179  -9.607e+12   1.74e+13     -0.553      0.580     -4.36e+13  2.44e+13
unit_R181  -9.607e+12   1.74e+13     -0.553      0.580     -4.36e+13  2.44e+13
unit_R183  -9.607e+12   1.74e+13     -0.553      0.580     -4.36e+13  2.44e+13
unit_R184  -9.607e+12   1.74e+13     -0.553      0.580     -4.36e+13  2.44e+13
unit_R186  -9.607e+12   1.74e+13     -0.553      0.580     -4.36e+13  2.44e+13
unit_R188  -9.607e+12   1.74e+13     -0.553      0.580     -4.36e+13  2.44e+13
unit_R189  -9.607e+12   1.74e+13     -0.553      0.580     -4.36e+13  2.44e+13
unit_R194  -9.607e+12   1.74e+13     -0.553      0.580     -4.36e+13  2.44e+13
unit_R196  -9.607e+12   1.74e+13     -0.553      0.580     -4.36e+13  2.44e+13
unit_R198  -9.607e+12   1.74e+13     -0.553      0.580     -4.36e+13  2.44e+13
unit_R199  -9.607e+12   1.74e+13     -0.553      0.580     -4.36e+13  2.44e+13
unit_R200  -9.607e+12   1.74e+13     -0.553      0.580     -4.36e+13  2.44e+13
unit_R202  -9.607e+12   1.74e+13     -0.553      0.580     -4.36e+13  2.44e+13
unit_R203  -9.607e+12   1.74e+13     -0.553      0.580     -4.36e+13  2.44e+13
unit_R204  -9.607e+12   1.74e+13     -0.553      0.580     -4.36e+13  2.44e+13
unit_R205  -9.607e+12   1.74e+13     -0.553      0.580     -4.36e+13  2.44e+13
unit_R207  -9.607e+12   1.74e+13     -0.553      0.580     -4.36e+13  2.44e+13
unit_R208  -9.607e+12   1.74e+13     -0.553      0.580     -4.36e+13  2.44e+13
unit_R209  -9.607e+12   1.74e+13     -0.553      0.580     -4.36e+13  2.44e+13
unit_R210  -9.607e+12   1.74e+13     -0.553      0.580     -4.36e+13  2.44e+13
unit_R211  -9.607e+12   1.74e+13     -0.553      0.580     -4.36e+13  2.44e+13
unit_R212  -9.607e+12   1.74e+13     -0.553      0.580     -4.36e+13  2.44e+13
unit_R213  -9.607e+12   1.74e+13     -0.553      0.580     -4.36e+13  2.44e+13
unit_R214  -9.607e+12   1.74e+13     -0.553      0.580     -4.36e+13  2.44e+13
unit_R215  -9.607e+12   1.74e+13     -0.553      0.580     -4.36e+13  2.44e+13
unit_R216  -9.607e+12   1.74e+13     -0.553      0.580     -4.36e+13  2.44e+13
unit_R217  -9.607e+12   1.74e+13     -0.553      0.580     -4.36e+13  2.44e+13
unit_R218  -9.607e+12   1.74e+13     -0.553      0.580     -4.36e+13  2.44e+13
unit_R219  -9.607e+12   1.74e+13     -0.553      0.580     -4.36e+13  2.44e+13
unit_R220  -9.607e+12   1.74e+13     -0.553      0.580     -4.36e+13  2.44e+13
unit_R221  -9.607e+12   1.74e+13     -0.553      0.580     -4.36e+13  2.44e+13
unit_R223  -9.607e+12   1.74e+13     -0.553      0.580     -4.36e+13  2.44e+13
unit_R224  -9.607e+12   1.74e+13     -0.553      0.580     -4.36e+13  2.44e+13
unit_R225  -9.607e+12   1.74e+13     -0.553      0.580     -4.36e+13  2.44e+13
unit_R226  -9.607e+12   1.74e+13     -0.553      0.580     -4.36e+13  2.44e+13
unit_R227  -9.607e+12   1.74e+13     -0.553      0.580     -4.36e+13  2.44e+13
unit_R228  -9.607e+12   1.74e+13     -0.553      0.580     -4.36e+13  2.44e+13
unit_R229  -9.607e+12   1.74e+13     -0.553      0.580     -4.36e+13  2.44e+13
unit_R230  -9.607e+12   1.74e+13     -0.553      0.580     -4.36e+13  2.44e+13
unit_R231  -9.607e+12   1.74e+13     -0.553      0.580     -4.36e+13  2.44e+13
unit_R232  -9.607e+12   1.74e+13     -0.553      0.580     -4.36e+13  2.44e+13
unit_R233  -9.607e+12   1.74e+13     -0.553      0.580     -4.36e+13  2.44e+13
unit_R234  -9.607e+12   1.74e+13     -0.553      0.580     -4.36e+13  2.44e+13
unit_R235  -9.607e+12   1.74e+13     -0.553      0.580     -4.36e+13  2.44e+13
unit_R236  -9.607e+12   1.74e+13     -0.553      0.580     -4.36e+13  2.44e+13
unit_R237  -9.607e+12   1.74e+13     -0.553      0.580     -4.36e+13  2.44e+13
unit_R238  -9.607e+12   1.74e+13     -0.553      0.580     -4.36e+13  2.44e+13
unit_R239  -9.607e+12   1.74e+13     -0.553      0.580     -4.36e+13  2.44e+13
unit_R240  -9.607e+12   1.74e+13     -0.553      0.580     -4.36e+13  2.44e+13
unit_R242  -9.607e+12   1.74e+13     -0.553      0.580     -4.36e+13  2.44e+13
unit_R243  -9.607e+12   1.74e+13     -0.553      0.580     -4.36e+13  2.44e+13
unit_R244  -9.607e+12   1.74e+13     -0.553      0.580     -4.36e+13  2.44e+13
unit_R246  -9.607e+12   1.74e+13     -0.553      0.580     -4.36e+13  2.44e+13
unit_R247  -9.607e+12   1.74e+13     -0.553      0.580     -4.36e+13  2.44e+13
unit_R248  -9.607e+12   1.74e+13     -0.553      0.580     -4.36e+13  2.44e+13
unit_R249  -9.607e+12   1.74e+13     -0.553      0.580     -4.36e+13  2.44e+13
unit_R250  -9.607e+12   1.74e+13     -0.553      0.580     -4.36e+13  2.44e+13
unit_R251  -9.607e+12   1.74e+13     -0.553      0.580     -4.36e+13  2.44e+13
unit_R252  -9.607e+12   1.74e+13     -0.553      0.580     -4.36e+13  2.44e+13
unit_R253  -9.607e+12   1.74e+13     -0.553      0.580     -4.36e+13  2.44e+13
unit_R254  -9.607e+12   1.74e+13     -0.553      0.580     -4.36e+13  2.44e+13
unit_R255  -9.607e+12   1.74e+13     -0.553      0.580     -4.36e+13  2.44e+13
unit_R256  -9.607e+12   1.74e+13     -0.553      0.580     -4.36e+13  2.44e+13
unit_R257  -9.607e+12   1.74e+13     -0.553      0.580     -4.36e+13  2.44e+13
unit_R258  -9.607e+12   1.74e+13     -0.553      0.580     -4.36e+13  2.44e+13
unit_R259  -9.607e+12   1.74e+13     -0.553      0.580     -4.36e+13  2.44e+13
unit_R260  -9.607e+12   1.74e+13     -0.553      0.580     -4.36e+13  2.44e+13
unit_R261  -9.607e+12   1.74e+13     -0.553      0.580     -4.36e+13  2.44e+13
unit_R262  -9.607e+12   1.74e+13     -0.553      0.580     -4.36e+13  2.44e+13
unit_R263  -9.607e+12   1.74e+13     -0.553      0.580     -4.36e+13  2.44e+13
unit_R264  -9.607e+12   1.74e+13     -0.553      0.580     -4.36e+13  2.44e+13
unit_R265  -9.607e+12   1.74e+13     -0.553      0.580     -4.36e+13  2.44e+13
unit_R266  -9.607e+12   1.74e+13     -0.553      0.580     -4.36e+13  2.44e+13
unit_R269  -9.607e+12   1.74e+13     -0.553      0.580     -4.36e+13  2.44e+13
unit_R270  -9.607e+12   1.74e+13     -0.553      0.580     -4.36e+13  2.44e+13
unit_R271  -9.607e+12   1.74e+13     -0.553      0.580     -4.36e+13  2.44e+13
unit_R273  -9.607e+12   1.74e+13     -0.553      0.580     -4.36e+13  2.44e+13
unit_R274  -9.607e+12   1.74e+13     -0.553      0.580     -4.36e+13  2.44e+13
unit_R275  -9.607e+12   1.74e+13     -0.553      0.580     -4.36e+13  2.44e+13
unit_R276  -9.607e+12   1.74e+13     -0.553      0.580     -4.36e+13  2.44e+13
unit_R277  -9.607e+12   1.74e+13     -0.553      0.580     -4.36e+13  2.44e+13
unit_R278  -9.607e+12   1.74e+13     -0.553      0.580     -4.36e+13  2.44e+13
unit_R279  -9.607e+12   1.74e+13     -0.553      0.580     -4.36e+13  2.44e+13
unit_R280  -9.607e+12   1.74e+13     -0.553      0.580     -4.36e+13  2.44e+13
unit_R281  -9.607e+12   1.74e+13     -0.553      0.580     -4.36e+13  2.44e+13
unit_R282  -9.607e+12   1.74e+13     -0.553      0.580     -4.36e+13  2.44e+13
unit_R284  -9.607e+12   1.74e+13     -0.553      0.580     -4.36e+13  2.44e+13
unit_R285  -9.607e+12   1.74e+13     -0.553      0.580     -4.36e+13  2.44e+13
unit_R287  -9.607e+12   1.74e+13     -0.553      0.580     -4.36e+13  2.44e+13
unit_R291  -9.607e+12   1.74e+13     -0.553      0.580     -4.36e+13  2.44e+13
unit_R294  -9.607e+12   1.74e+13     -0.553      0.580     -4.36e+13  2.44e+13
unit_R295  -9.607e+12   1.74e+13     -0.553      0.580     -4.36e+13  2.44e+13
unit_R300  -9.607e+12   1.74e+13     -0.553      0.580     -4.36e+13  2.44e+13
unit_R303  -9.607e+12   1.74e+13     -0.553      0.580     -4.36e+13  2.44e+13
unit_R304  -9.607e+12   1.74e+13     -0.553      0.580     -4.36e+13  2.44e+13
unit_R307  -9.607e+12   1.74e+13     -0.553      0.580     -4.36e+13  2.44e+13
unit_R308  -9.607e+12   1.74e+13     -0.553      0.580     -4.36e+13  2.44e+13
unit_R309  -9.607e+12   1.74e+13     -0.553      0.580     -4.36e+13  2.44e+13
unit_R310  -9.607e+12   1.74e+13     -0.553      0.580     -4.36e+13  2.44e+13
unit_R311  -9.607e+12   1.74e+13     -0.553      0.580     -4.36e+13  2.44e+13
unit_R312  -9.607e+12   1.74e+13     -0.553      0.580     -4.36e+13  2.44e+13
unit_R313  -9.607e+12   1.74e+13     -0.553      0.580     -4.36e+13  2.44e+13
unit_R318  -9.607e+12   1.74e+13     -0.553      0.580     -4.36e+13  2.44e+13
unit_R319  -9.607e+12   1.74e+13     -0.553      0.580     -4.36e+13  2.44e+13
unit_R321  -9.607e+12   1.74e+13     -0.553      0.580     -4.36e+13  2.44e+13
unit_R322  -9.607e+12   1.74e+13     -0.553      0.580     -4.36e+13  2.44e+13
unit_R323  -9.607e+12   1.74e+13     -0.553      0.580     -4.36e+13  2.44e+13
unit_R325  -9.607e+12   1.74e+13     -0.553      0.580     -4.36e+13  2.44e+13
unit_R330  -9.607e+12   1.74e+13     -0.553      0.580     -4.36e+13  2.44e+13
unit_R335  -9.607e+12   1.74e+13     -0.553      0.580     -4.36e+13  2.44e+13
unit_R336  -9.607e+12   1.74e+13     -0.553      0.580     -4.36e+13  2.44e+13
unit_R337  -9.607e+12   1.74e+13     -0.553      0.580     -4.36e+13  2.44e+13
unit_R338  -9.607e+12   1.74e+13     -0.553      0.580     -4.36e+13  2.44e+13
unit_R341  -9.607e+12   1.74e+13     -0.553      0.580     -4.36e+13  2.44e+13
unit_R344  -9.607e+12   1.74e+13     -0.553      0.580     -4.36e+13  2.44e+13
unit_R345  -9.607e+12   1.74e+13     -0.553      0.580     -4.36e+13  2.44e+13
unit_R346  -9.607e+12   1.74e+13     -0.553      0.580     -4.36e+13  2.44e+13
unit_R348  -9.607e+12   1.74e+13     -0.553      0.580     -4.36e+13  2.44e+13
unit_R354  -9.607e+12   1.74e+13     -0.553      0.580     -4.36e+13  2.44e+13
unit_R356  -9.607e+12   1.74e+13     -0.553      0.580     -4.36e+13  2.44e+13
unit_R358  -9.607e+12   1.74e+13     -0.553      0.580     -4.36e+13  2.44e+13
unit_R370  -9.607e+12   1.74e+13     -0.553      0.580     -4.36e+13  2.44e+13
unit_R371  -9.607e+12   1.74e+13     -0.553      0.580     -4.36e+13  2.44e+13
unit_R372  -9.607e+12   1.74e+13     -0.553      0.580     -4.36e+13  2.44e+13
unit_R373  -9.607e+12   1.74e+13     -0.553      0.580     -4.36e+13  2.44e+13
unit_R382  -9.607e+12   1.74e+13     -0.553      0.580     -4.36e+13  2.44e+13
unit_R424  -9.607e+12   1.74e+13     -0.553      0.580     -4.36e+13  2.44e+13
unit_R429  -9.607e+12   1.74e+13     -0.553      0.580     -4.36e+13  2.44e+13
unit_R453  -9.607e+12   1.74e+13     -0.553      0.580     -4.36e+13  2.44e+13
unit_R454  -9.607e+12   1.74e+13     -0.553      0.580     -4.36e+13  2.44e+13
unit_R455  -9.607e+12   1.74e+13     -0.553      0.580     -4.36e+13  2.44e+13
unit_R456  -9.607e+12   1.74e+13     -0.553      0.580     -4.36e+13  2.44e+13
unit_R459  -9.607e+12   1.74e+13     -0.553      0.580     -4.36e+13  2.44e+13
unit_R464  -9.607e+12   1.74e+13     -0.553      0.580     -4.36e+13  2.44e+13
day_week_0 -3.938e+14   7.12e+14     -0.553      0.580     -1.79e+15     1e+15
day_week_1 -3.938e+14   7.12e+14     -0.553      0.580     -1.79e+15     1e+15
day_week_2 -3.938e+14   7.12e+14     -0.553      0.580     -1.79e+15     1e+15
day_week_3 -3.938e+14   7.12e+14     -0.553      0.580     -1.79e+15     1e+15
day_week_4 -3.938e+14   7.12e+14     -0.553      0.580     -1.79e+15     1e+15
day_week_5 -3.938e+14   7.12e+14     -0.553      0.580     -1.79e+15     1e+15
day_week_6 -3.938e+14   7.12e+14     -0.553      0.580     -1.79e+15     1e+15
==============================================================================
Omnibus:                    27415.437   Durbin-Watson:                   1.626
Prob(Omnibus):                  0.000   Jarque-Bera (JB):           819569.519
Skew:                           2.632   Prob(JB):                         0.00
Kurtosis:                      23.820   Cond. No.                     1.02e+09
==============================================================================

Warnings:
[1] The smallest eigenvalue is 4.97e-14. This might indicate that there are
strong multicollinearity problems or that the design matrix is singular.
[-1897.0625 -1406.8125  -426.1875 ...,   556.25    1046.5     1536.8125]
0.48577582479